[Pi4D]
FREQUENCY=14074000.000000
SAMPLERATE=6000.000000
AGC_RATE=25.000000
AGC_REF=100.000000
AGC_MAX_GAIN=500.000000
PORT=/tmp/ttyv0
INPUT=/dev/stdin
BAUD=4800
